0.09491
0.38705
0.55920
0.70941
0.89319
0.81396
0.68182
0.94739
0.83102
0.58109
0.59888
0.40533
0.14307
0.07321
0.30481
0.62958
0.48044
0.25507
-0.15921
-0.09717
-0.04114
-0.26001
0.01831
-0.01779
-0.07736
-0.12778
-0.11700
-0.16992
-0.23331
-0.37753
-0.51254
-0.57849
-0.60931
-0.67178
-0.65729
-0.66516
-0.70355
-0.69058
-0.72501
-0.81458
-0.83261
-0.93735
-0.68729
-0.55206
-0.18994
-0.45871
-0.49490
-0.51593
-0.51486
-0.52005
-0.53482
-0.56100
-0.58487
-0.43121
-0.67108
-0.70798
-0.75256
-0.81174
-0.76675
-0.89316
-0.92169
-0.85901
-0.96719
-0.98367
-0.77551
-0.98660
-0.98676
-0.87759
-0.98651
-0.77084
-0.92645
-0.84604
-0.78448
-0.63428
-0.64896
-0.56491
-0.47427
-0.39655
-0.31946
-0.22849
0.05484
-0.03201
0.05286
-0.04523
0.18402
0.24246
0.30161
0.37000
0.44846
0.50946
0.56909
0.61816
0.65060
0.67520
0.70447
0.73227
0.76196
0.77402
0.78055
0.78955
0.80728
0.81760
0.79489
0.85635
0.88358
0.90344
0.91922
0.93719
0.84790
0.96454
0.97455
0.97842
0.97964
0.97891
0.89557
0.97794
0.97089
0.96234
0.95172
0.93707
0.90802
0.78912
0.80649
0.75836
0.70200
0.64188
0.51804
0.51553
0.46686
0.41769
0.35883
0.29819
0.24716
0.19418
0.13437
0.00266
0.04871
0.00931
0.00266
-0.23233
-0.34653
-0.44452
-0.52094
-0.58246
-0.64661
-0.70407
-0.74609
-0.77344
-0.80389
-0.83209
-0.85181
-0.85883
-0.84677
-0.88928
-0.91324
-0.93253
-0.93253
-0.91769
-0.89969
-0.94711
-0.97470
-0.98157
-0.97995
-0.88895
-0.98160
-0.97397
-0.96805
-0.96597
-0.91003
-0.96976
-0.97443
-0.96106
-0.93314
-0.91232
-0.87521
-0.81436
-0.81311
-0.78491
-0.74734
-0.71136
-0.66998
-0.62500
-0.57507
-0.53647
-0.49786
-0.44748
-0.37625
-0.31088
-0.24115
-0.17300
-0.00266
-0.05804
-0.00433
0.02249
0.05026
-0.00250
0.10803
0.12851
0.15317
0.18066
0.21194
0.23801
0.26196
0.29138
0.32462
0.35477
0.37985
0.40845
0.43842
0.46948
0.49478
0.51505
0.53439
0.55209
0.57309
0.59479
0.61591
0.63818
0.66266
0.68716
0.70901
0.73029
0.74686
0.76001
0.77478
0.78885
0.80157
0.81613
0.83267
0.85010
0.86694
0.88470
0.89771
0.90564
0.85242
0.91180
0.91449
0.91696
0.91931
0.91983
0.92078
0.86725
0.92120
0.92239
0.91821
0.91895
0.91837
0.91913
0.91953
0.88202
0.92133
0.91983
0.92303
0.92502
0.92331
0.92291
0.88681
0.92282
0.92697
0.92276
0.92630
0.92404
0.92264
0.90662
0.91837
0.90936
0.90036
0.89334
0.88812
0.88129
0.87286
0.86157
0.83932
0.81409
0.78796
0.76453
0.73901
0.70883
0.67923
0.65155
0.63043
0.60767
0.57968
0.54755
0.51373
0.48184
0.45374
0.42966
0.40546
0.37723
0.34406
0.30396
0.26370
0.22540
0.19098
0.15659
0.12314
0.00250
0.04709
0.00140
-0.04166
0.00235
-0.11447
-0.14929
-0.18130
-0.21210
-0.23932
-0.27112
-0.30472
-0.33356
-0.35910
-0.38052
-0.40067
-0.42386
-0.44550
-0.46463
-0.47974
-0.49301
-0.50925
-0.52786
-0.54544
-0.55325
-0.55618
-0.55765
-0.56171
-0.56763
-0.57483
-0.58600
-0.59714
-0.60797
-0.61887
-0.62952
-0.64243
-0.65201
-0.65729
-0.65814
-0.65964
-0.65952
-0.66290
-0.66446
-0.66342
-0.66605
-0.67297
-0.68234
-0.69385
-0.70593
-0.71899
-0.73172
-0.74524
-0.76361
-0.77841
-0.79117
-0.80115
-0.80927
-0.82095
-0.83444
-0.84888
-0.85962
-0.86523
-0.86563
-0.86676
-0.86664
-0.86545
-0.86722
-0.87030
-0.86713
-0.86581
-0.86191
-0.86121
-0.86172
-0.86255
-0.86389
-0.86325
-0.86044
-0.85513
-0.84625
-0.83325
-0.81473
-0.79843
-0.78635
-0.77698
-0.76944
-0.76379
-0.75674
-0.74533
-0.72818
-0.71094
-0.69577
-0.68362
-0.66708
-0.64148
-0.61182
-0.57849
-0.55112
-0.52939
-0.51004
-0.48972
-0.46439
-0.43692
-0.41248
-0.39597
-0.38120
-0.36603
-0.34555
-0.32141
-0.29166
-0.26093
-0.23001
-0.19836
-0.16760
-0.13885
-0.10977
-0.07791
-0.03897
0.00220
0.04019
0.07864
0.11346
0.14722
0.17682
0.20609
0.23706
0.27335
0.31674
0.35837
0.39978
0.43866
0.47202
0.49896
0.52167
0.54092
0.56244
0.58313
0.60260
0.61984
0.63583
0.65018
0.66473
0.67929
0.69000
0.69998
0.71078
0.72546
0.73813
0.74869
0.75766
0.76544
0.77045
0.77048
0.77026
0.77032
0.76923
0.76968
0.77216
0.77795
0.78268
0.78619
0.78809
0.78961
0.79132
0.79504
0.80130
0.80734
0.81201
0.81357
0.81473
0.81332
0.81500
0.81744
0.81494
0.81866
0.81485
0.81384
0.81329
0.81433
0.81110
0.80658
0.80164
0.79736
0.79324
0.78735
0.78104
0.77402
0.76743
0.76022
0.75415
0.74652
0.73602
0.72403
0.71167
0.70026
0.69116
0.67911
0.66534
0.65265
0.63968
0.62418
0.60718
0.59088
0.57779
0.56659
0.55231
0.53677
0.52133
0.50836
0.49426
0.47949
0.46295
0.44946
0.43631
0.42242
0.40573
0.38644
0.36694
0.34552
0.32303
0.29959
0.27789
0.25644
0.23514
0.21082
0.18622
0.16269
0.13687
0.11118
0.08698
0.06339
0.04031
0.01614
-0.00748
-0.02835
-0.04684
-0.06296
-0.07953
-0.09598
-0.11392
-0.13467
-0.15842
-0.17996
-0.19702
-0.21069
-0.22644
-0.24637
-0.26736
-0.28680
-0.30612
-0.32520
-0.34088
-0.35645
-0.37552
-0.39584
-0.41544
-0.43173
-0.44891
-0.46558
-0.48450
-0.50186
-0.51892
-0.53644
-0.55450
-0.57022
-0.58807
-0.60635
-0.62329
-0.63913
-0.65546
-0.67050
-0.68509
-0.69821
-0.71198
-0.72614
-0.74002
-0.75348
-0.76639
-0.77921
-0.78943
-0.79709
-0.80118
-0.80380
-0.80722
-0.80908
-0.81033
-0.81091
-0.81274
-0.81085
-0.80942
-0.80582
-0.79871
-0.79410
-0.78992
-0.78503
-0.78052
-0.77612
-0.77267
-0.76941
-0.76678
-0.76309
-0.76004
-0.75790
-0.75613
-0.75369
-0.74985
-0.74295
-0.73529
-0.72562
-0.71570
-0.70575
-0.69495
-0.68213
-0.66885
-0.65656
-0.64346
-0.62881
-0.61511
-0.60202
-0.58987
-0.57449
-0.55853
-0.54187
-0.52600
-0.50992
-0.49542
-0.48114
-0.46524
-0.44962
-0.43030
-0.40909
-0.38708
-0.36533
-0.34604
-0.32739
-0.31091
-0.29437
-0.27789
-0.26190
-0.24374
-0.22321
-0.20041
-0.17941
-0.16058
-0.14502
-0.13120
-0.11646
-0.10345
-0.08963
-0.07471
-0.05774
-0.04034
-0.02457
-0.00830
0.00702
0.02368
0.04065
0.05997
0.07968
0.09839
0.11636
0.13345
0.15158
0.16989
0.19110
0.21362
0.23569
0.25458
0.27209
0.29013
0.30615
0.32193
0.33832
0.35370
0.36868
0.38141
0.39246
0.40323
0.41486
0.42599
0.43814
0.44962
0.46078
0.47119
0.48380
0.49545
0.50687
0.51776
0.52914
0.54095
0.55225
0.56219
0.57190
0.58322
0.59464
0.60571
0.61542
0.62485
0.63211
0.63879
0.64383
0.64923
0.65527
0.66229
0.66931
0.67712
0.68665
0.69626
0.70493
0.71231
0.71881
0.72433
0.73090
0.73602
0.73962
0.74283
0.74597
0.75064
0.75519
0.75867
0.76208
0.76608
0.77103
0.77454
0.77798
0.77957
0.77924
0.77966
0.77988
0.78107
0.78226
0.78427
0.78726
0.78891
0.79099
0.79321
0.79617
0.79633
0.79715
0.79788
0.79831
0.79950
0.80093
0.80157
0.80283
0.80396
0.80408
0.80441
0.80505
0.80493
0.80511
0.80795
0.80505
0.80695
0.80875
0.80493
0.80630
0.80463
0.80020
0.79691
0.79309
0.79031
0.78665
0.78253
0.77820
0.77402
0.77072
0.76639
0.76242
0.75739
0.75104
0.74356
0.73563
0.72723
0.71838
0.71112
0.70294
0.69595
0.68851
0.68127
0.67282
0.66455
0.65533
0.64441
0.63312
0.62192
0.60986
0.59814
0.58536
0.57141
0.55670
0.54321
0.52997
0.51721
0.50400
0.49026
0.47726
0.46414
0.45120
0.43881
0.42786
0.41711
0.40619
0.39441
0.38135
0.36716
0.35214
0.33466
0.31812
0.30032
0.28235
0.26462
0.24808
0.23129
0.21381
0.19452
0.17447
0.15323
0.13293
0.11343
0.09299
0.07278
0.05365
0.03479
0.01575
-0.00470
-0.02502
-0.04651
-0.06583
-0.08502
-0.10443
-0.12454
-0.14432
-0.16415
-0.18323
-0.20215
-0.22049
-0.23907
-0.25735
-0.27487
-0.29462
-0.31320
-0.33206
-0.34839
